Exacto cplex
E=[595,687,767,904,1016,1164,1386,1708,2194];
U=[0.006514,0.01002,0.01101,0.01205,0.01906,0.02407,0.03812,0.08256,0.31052];
G=[15,10,8,6,5,4,3,2,1];

Parametrizacion E-U segun los G
E1 =[2194   2256   2344];
U1 =[0.3500   0.3200   0.3105]

E2 =[1708   1708   1724];
U2 =[0.200000   0.100000   0.090000];

E3 ={1386   1396   1420   1420   1978];
U3 =[0.060000   0.050000   0.040000   0.039000   0.038120];

E4 =[1164   1170   1226   1242   1242];
U4 =[0.050000   0.040000   0.030000   0.027000   0.024500];

E5 =[1016   1016   1032   1062   1064   1104   1144];
U5 =[0.035000   0.030000   0.025000   0.023000   0.020000   0.018000   0.017000];

E6 =[904   912   938   946   962   976   994];
U6 =[0.020000   0.018000   0.016000   0.015000   0.014000   0.013000   0.012500];

E8 =[878   814   786   770   767   767];
U8 =[9.0000e-03   1.0000e-02   1.1010e-02   1.5000e-02   2.0000e-02   3.0000e-02];

E10 =[687   687   695   734   740   972];
U10 =[3.0000e-02   2.0000e-02   1.0000e-02   8.0000e-03   7.0000e-03   6.0000e-03];

E15 =[585   585   585   585   593   593   595];
U15 =[2.0000e-02   1.0000e-02   9.0000e-03   8.0000e-03   7.0000e-03   6.6000e-03 6.5140e-03];

Greedy
greedyU =[1.2529e-02   1.2000e+01;
   1.3530e-02   1.1000e+01;
   1.4530e-02   1.0000e+01;
   1.5527e-02   9.0000e+00;
   1.6062e-02   7.0000e+00;
   1.9544e-02   6.0000e+00;
   2.7116e-02   5.0000e+00;
   4.5172e-02   4.0000e+00];

greedyE =[752     12;
    782     11;
    789     10;
    791      9;
    812      8;
    854      7;
    854      7;
    904      6;
   1016      5;
   1166      4];

MOGA
mogaU=[.012,.012,.014,.036,.05];
mogaE=[1292,1367,1427,2294,2504];
mogaG=[30,29,26,16,15];

MOGA WM
mogaWME=[[1108   17]
[1122   14]
[1128    5]
[1210    4]];

 mogaWMU=[[0.0130573,26
0.0160623,25
0.0311135 19
0.0311396 18
0.0321245 8
0.0391396 7
0.0501787 5]];
